113.157566605001
105.975018252063
110.13322738426
105.482756731936
100.312499228673
108.932329700202
115.897191420566
96.7784139098603
104.661527231745
112.494765146948
107.407354402423
105.444261498535
94.2263790996147
102.948122064722
100.542336196215
102.685524315813
113.198702309088
103.022235513757
100.584767011792
105.440474972199
107.882092727688
101.103714257797
102.011582940082
100.369813220919
108.485002832958
109.977319720668
110.028001690323
108.3438776612
103.995163019395
100.533200934491
104.680252584882
109.275580798256
101.541944457038
110.654015826022
95.6259252141585
113.042747036718
106.828582552517
108.850257356504
103.337658904926
103.815648440121
101.81275599168
108.501723710656
109.691376562173
112.355310086634
110.591856091639
98.3224657776182
107.564042644764
113.05781410717
97.9995622294983
98.1735836701879
97.9705845098677
101.993336273969
112.924170991295
100.984970109299
93.3858027132272
104.106664146465
99.7386201197884
105.666215453545
108.753978753883
109.242794229639
112.447982459047
96.6035716676028
103.444080051649
111.099660580126
101.464707724592
107.148685185668
103.410478033214
111.613343088726
110.136385015661
100.664976497831
102.381724867108
105.80638281227
103.154249450725
100.532174432895
98.8298717716795
106.932158186235
116.015241840591
102.660560638358
111.89471999443
105.247212762245
109.335308177081
98.9762274908971
115.592995175269
102.30916127675
106.020371171557
97.8469804127459
114.384163555386
102.953813606869
99.0060188339533
97.8220403779962
98.4650974266955
104.272803564598
106.59569301459
98.2939469106991
99.3491530788233
109.439797694784
106.842557018901
112.857315676413
109.884397704279