117.9
110.2
112.9
115.9
108
104.6
107.1
117.9
111.8
106.3
111
100.4
112.1
109.2
101
105.4
99.4
110.1
103.3
106.9
108.2
119.3
112
106.2
105.9
106.9
109.3
105.9
110
106.7
108.5
107.7
114.3
108.6
104.6
113.7
116.7
103.5
96.1
110.8
97.2
109.6
110.5
105.9
106.2
107.4
114.9
110.3
104.8
99.2
119.2
111.4
103
110.1
105.8
101.5
105.9
107.6
97.1
113.3
109.4
109.4
110.8
106.3
108.1
109.6
102.4
110.4
110.1
115.3
102.9
111.2
99.4
105.7
119.5
109.3
112.8
108.2
117
106.8
105.4
108.7
109.2
97.1
103.3
108.8
116.3
115.5
114.9
101.1
104.1
110.8
112.7
105.6
99.9
111.1
109.4
109.1
110.7