20.1395815288212
21.3624540363539
22.4604536834046
21.8437076711074
16.9320896636679
23.2369483951186
22.9394676860394
23.2261957752809
22.9425740475308
19.5009626218648
22.8784415537246
22.5478145149866
21.7007312205283
21.0302159928459
21.4272466645666
17.3388394703246
23.0622886680929
21.3034586450357
23.1558355674542
21.545644547729
21.9201152870523
19.8146259944942
21.0087936088239
19.3616109712549
20.6943800084093
22.1111302706066
22.9763177856454
18.8832174090837
14.4642119428771
21.1185233676655
21.1785186585068
22.1631246141894
19.2841889155833
23.0470806490151
21.7782658810346
21.116737324928
21.124336895047
19.7173358452237
17.9023770243367
20.776629462512
21.7481570963853
21.1991960580384
20.872238069426
22.6302762176178
22.9352886943941
22.6971147362029
21.1054429740368
19.2789771068179
21.6114368848237
19.9120861662171
19.4523396885657
19.3970508044257
22.2524520916617
21.7352604284708
22.9584089687766
23.262784640842
21.0927278018453
20.5984087661884
17.0724596831481
21.7010107651809
20.356113276233
20.2272258265772
17.1709139327171
23.2144427616997
22.266528421323
22.7172163035476
20.191040583776
22.2524205170072
21.9159810859116
20.6658633873731
19.5991589758202
22.3727172304888
20.9296237741167
23.2472218627806
20.2425256348332
22.6257073121102
22.5121907642182
19.1544229225598
19.4834401099347
21.2986785744066
22.3493612400442
22.7020950520196
18.8617910630232
21.6656525868534
16.603848899881
21.9814582358782
21.7919155261305
22.2821822517162
20.3572436601295
21.7180961937459
23.0337898497254
22.7373121389541
23.2587581774972
18.9504942622178
21.6373015374561
20.6285494853601
21.7023242784069
19.8707988284842
20.3299594917536
19.6443861064876
22.6796749606878
17.2355564894954
14.7105865032867
21.8277487272325
21.7071558870848
17.0711633745217
22.7527631274185
20.7090761526915
22.0070344163069
20.7179591396249
19.2947676691284
20.0252797895496
21.1635805791747
19.9461318646666
22.8545959320332
22.8482226130626
19.1364814651155
20.4875340546622
21.0676198339028
20.5154651628087
16.2548947790567
22.9015167083
22.5315441021501
22.6431491216626
17.8058926227152
21.4199367565141
19.3643246076351
22.9249802482165
22.328358593747
22.2291284158112
22.3504900785013
19.2529948751887
21.4177495594951
19.234673386024
21.9735415537854
20.8562691212337
21.2462465047697
23.179773843709
21.6561784752594
16.453617244177
19.3485515632581
21.3215287003712
21.2683234683561
21.7026832549667
21.7233643700463
22.4383298665907
17.9438130919807
22.9074043243263
21.9714774860366
22.3411237949497
22.0438310403762
22.3607486094588
21.497719327275
22.6205841949874
20.5194212404358
22.2316541987216
18.3864935876161
22.8086996476674
20.8075554890119
23.2384925607761
22.690442507686
17.4979310827549
21.65366994931
21.6090729099406
23.2101487595019
20.5776092355079
22.9603373476727
22.8398597838453
20.7061600286674
20.0941233566676
20.8435218470765
21.8750711335278
20.759077646975
23.283315852304
20.8414926957739
20.6604534136202
22.5352995044882
19.6230627689804
22.1198383070497
19.0596299270558
19.7274690353603
22.3222734540757
19.0781439664287
22.9873113058201
22.6131999684739
22.0071567322052
21.3758603584255
22.3025376018603
20.9904985542736
21.2538722564347
19.6408758716797
21.0503409285612
19.7900842243448
21.8693004206375
19.496509780759
19.9372243208095
21.5098770760384
20.4992164341189
22.9579559346117
20.8518852916857
22.309109794131
21.2999479632502
19.7251404895784
22.1306390041061
19.0230259541653
21.5471226070337
20.7891842851615
20.7251010867258
21.3302827795142
20.3313701918398
21.1977859634595
19.9453281066168
20.2377849223097
21.2990035311743
23.3050315626589
21.3289299978415
22.0517240585915
22.5227002226212
20.8808655550903